b <- 1
a <- {b,2,123,124}