A <- 1
b <- A.XAUAT
c <- {1 123 13}
d <- c[-2]
